4294967278,249
4294967278,247
4294967279,400
4294967279,399
4294967278,233
4294967278,229
4294967279,370
4294967278,568
4294967279,366
4294967279,365
4294967278,173
4294967278,559
4294967278,557
4294967279,360
4294967278,554
4294967279,354
4294967279,352
4294967279,348
4294967278,2
4294967279,342
4294967278,547
4294967278,542
4294967278,518
4294967279,336
4294967278,94
4294967279,335
4294967278,516
4294967279,328
4294967279,326
4294967279,325
4294967279,323
4294967278,524
4294967279,345
4294967279,322
4294967279,320
4294967278,521
4294967278,520
4294967279,138
4294967278,515
4294967279,314
59,2
3,5
3,8
4294967278,78
4294967278,237
4294967278,77
4294967278,75
4294967279,313
4294967279,304
4294967278,313
4294967279,300
4294967279,298
4294967278,311
4294967278,303
4294967278,296
4294967278,295
4294967278,66
4294967278,289
4294967279,292
4294967278,68
4294967279,290
4294967278,88
4294967279,283
4294967278,383
4294967278,382
4294967278,381
4294967279,276
4294967278,380
4294967279,257
4294967278,379
4294967278,378
4294967279,252
4294967278,377
4294967278,376
4294967278,375
4294967278,374
4294967279,251
4294967279,247
4294967279,363
4294967278,373
4294967278,372
4294967278,371
4294967278,370
4294967279,233
4294967278,369
4294967279,225
4294967279,2
4294967279,447
4294967278,368
4294967278,367
4294967279,446
4294967279,445
4294967278,298
4294967278,366
4294967278,365
4294967278,314
4294967278,364
4294967278,56
4294967279,444
4294967278,243
4294967279,88
4294967278,363
4294967278,362
4294967279,443
4294967278,550
4294967278,309
4294967279,317
4294967279,442
4294967278,549
4294967279,441
4294967278,556
4294967278,533
4294967278,361
4294967278,312
4294967278,360
4294967278,275
4294967278,546
4294967278,537
4294967278,513
4294967278,359
4294967279,440
4294967279,340
4294967279,381
4294967278,277
4294967278,358
4294967278,245
4294967278,357
4294967279,344
4294967278,356
4294967278,355
4294967278,174
4294967278,354
4294967279,439
4294967279,398
4294967279,277
4294967278,278
4294967279,392
4294967279,438
149,4
4294967279,324
180,9
180,0
167,6
4294967279,241
4294967278,353
4294967279,437
4294967279,353
4294967279,436
4294967278,241
4294967278,543
4294967278,352
4294967278,310
4294967279,435
4294967279,356
4294967279,355
4294967279,434
4294967278,351
4294967278,350
4294967278,315
4294967279,361
4294967278,522
4294967279,433
4294967278,262
4294967278,283
4294967279,432
4294967278,349
4294967278,548
4294967279,357
4294967278,348
180,8
4294967278,232
4294967279,375
4294967279,297
4294967279,359
4294967279,431
4294967279,358
4294967278,252
4294967278,238
4294967278,517
4294967279,301
4294967279,385
4294967278,525
4294967279,318
4294967278,325
4294967278,551
4294967278,120
4294967278,47
4294967278,46
4294967278,44
4294967278,40
4294967278,38
180,7
180,6
4294967279,170
4294967279,341
4294967279,294
4294967279,430
4294967279,384
4294967278,347
4294967279,315
4294967279,429
4294967279,428
4294967278,326
4294967279,427
4294967279,293
4294967278,286
4294967279,17
4294967279,8
4294967279,6
4294967278,322
4294967279,426
4294967278,531
4294967278,523
4294967279,316
4294967278,256
4294967278,346
4294967279,9
4294967279,425
4294967278,297
4294967278,512
4294967278,291
4294967278,323
4294967278,345
4294967279,424
4294967278,327
4294967279,157
4294967278,290
4294967278,128
4294967279,174
4294967279,389
4294967278,321
4294967278,125
4294967278,545
4294967279,423
4294967278,344
4294967279,422
4294967278,331
4294967279,421
4294967278,535
4294967279,420
4294967279,278
4294967279,419
4294967278,573
4294967279,299
4294967278,330
4294967279,329
4294967294,5
147,4
4294967278,272
4294967279,418
4294967279,417
4294967279,416
4294967279,415
4294967278,540
4294967279,330
4294967278,514
4294967279,396
4294967278,526
4294967278,343
4294967278,0
142,4
39,5
126,5
126,4
39,4
4294967279,282
4294967279,281
4294967278,342
4294967278,341
4294967278,340
4294967279,333
4294967278,519
4294967279,331
4294967279,351
4294967279,349
39,9
39,7
59,4
4294967278,565
4294967278,260
4294967279,390
4294967279,332
4294967278,329
4294967278,541
4294967278,280
4294967279,287
4294967279,414
4294967279,350
4294967279,296
4294967278,318
4294967278,292
4294967279,394
4294967279,393
4294967278,279
4294967294,1367
144,5
144,2
144,4
143,5
143,2
143,4
4294967279,382
4294967278,328
4294967279,387
4294967278,294
4294967278,319
141,7
141,6
141,5
141,2
141,4
202,7
202,0
202,6
4294967279,413
4294967278,534
4294967279,295
4294967279,338
4294967279,319
4294967278,127
4294967278,137
4294967279,378
4294967278,575
4294967294,1366
4294967279,312
129,2
4294967278,217
4294967278,339
4294967278,536
4294967279,388
4294967278,338
4294967294,1373
4294967294,81
4294967294,1092
4294967294,464
4294967294,1088
4294967294,1004
4294967294,1001
4294967294,458
4294967294,418
4294967294,414
4294967294,405
4294967294,401
4294967278,118
4294967278,116
4294967278,539
4294967279,397
4294967279,391
4294967279,0
4294967279,260
4294967279,386
192,6
192,0
4294967278,316
192,5
140,7
140,6
140,5
140,2
140,4
4294967279,395
4294967278,293
4294967294,473
4294967278,529
4294967279,321
4294967294,6
4294967294,1393
0,5
4294967294,1360
4294967294,93
4294967294,95
4294967294,1361
4294967294,126
4294967294,18
4294967294,488
4294967294,487
4294967294,486
4294967294,485
4294967294,484
4294967294,483
4294967294,482
4294967294,481
4294967294,480
4294967294,478
4294967294,477
4294967294,503
4294967294,510
4294967294,1096
4294967294,1095
4294967294,466
4294967294,1094
4294967294,27
4294967294,465
4294967294,1021
4294967294,1090
4294967294,463
4294967294,1017
4294967294,1015
4294967294,1013
4294967294,461
4294967294,1010
4294967294,1009
4294967294,460
4294967294,1008
4294967294,469
4294967294,1007
4294967294,467
4294967294,999
4294967294,456
4294967294,453
4294967294,451
4294967294,450
4294967294,449
4294967294,416
4294967294,412
4294967294,410
4294967294,408
4294967294,404
4294967294,402
4294967294,400
4294967294,397
4294967294,391
4294967294,386
4294967294,185
4294967294,182
4294967294,180
4294967294,176
4294967294,164
4294967294,163
4294967294,119
4294967294,118
4294967294,116
4294967294,112
4294967294,110
4294967294,108
4294967294,1396
4294967294,1398
4294967294,7
4294967294,22
4294967294,17
4294967294,67
4294967294,43
4294967294,26
4294967294,25
4294967294,12
4294967294,104
4294967294,106
4294967294,166
4294967294,24
4294967294,168
4294967294,1355
4294967294,1399
4294967294,1395
4294967294,489
139,18
139,0
139,17
139,16
139,15
139,14
139,13
139,12
139,11
139,10
139,9
139,8
139,1
139,7
139,2
134,2
139,4
139,5
144,14
144,0
144,13
144,12
144,11
4294967279,310
144,10
144,9
144,8
144,7
127,4
127,5
143,9
143,0
4294967279,171
143,8
143,7
4294967279,161
4294967278,528
4294967278,337
4294967279,346
130,2
4294967294,1394
4294967294,476
4294967294,475
121,4
128,4
128,5
4294967279,311
4294967278,336
136,4
4294967279,377
132,2
4294967294,1389
134,5
134,4
129,4
129,5
4294967278,227
4294967294,1372
133,5
133,2
133,4
4294967279,224
4294967279,222
130,5
130,4
4294967279,213
4294967279,208
4294967279,203
4294967279,202
4294967278,200
4294967279,201
4294967278,199
4294967279,200
4294967279,199
4294967279,198
4294967279,197
4294967279,196
4294967279,195
4294967279,194
4294967278,192
4294967279,193
4294967278,191
4294967279,192
4294967279,191
4294967279,190
4294967279,189
4294967279,188
4294967279,187
4294967279,186
4294967279,185
4294967279,184
4294967279,183
4294967278,181
4294967279,182
4294967278,180
4294967279,181
4294967279,180
4294967279,179
4294967279,178
4294967279,177
130,6
4294967279,176
4294967279,175
4294967279,173
4294967279,172
131,4
132,4
132,5
131,5
4294967279,166
4294967279,162
4294967294,1391
4294967294,490
4294967279,160
4294967279,152
4294967278,151
4294967279,151
4294967279,150
4294967278,149
4294967279,149
4294967279,146
4294967279,144
3,6
4294967278,143
3,4
4294967279,143
4294967279,142
4294967279,141
4294967279,140
4294967278,139
4294967279,139
3,7
4294967279,137
4294967279,291
4294967278,288
4294967278,287
4294967278,266
4294967279,269
4294967278,284
4294967278,261
4294967278,259
4294967278,258
4294967278,308
4294967278,307
4294967278,306
4294967278,305
4294967279,308
4294967278,304
4294967279,307
4294967278,302
4294967279,306
4294967278,301
4294967279,305
4294967278,300
4294967279,255
4294967278,299
4294967279,303
4294967279,250
4294967279,244
4294967279,242
4294967279,240
4294967279,238
4294967278,563
4294967278,324
4294967279,230
4294967279,228
4294967279,226
4294967278,221
4294967279,214
45,2
4294967279,212
4294967279,334
4294967278,282
4294967294,1363
4294967294,1102
4294967294,1356
2,5
2,2
